0.688
0.697
0.698
0.834
0.788
0.682
0.677
0.672
0.688
0.673
0.724
0.689
0.724
0.693
0.726
0.663
0.658
0.651
0.704
0.671
0.703
0.676
0.651
0.689
0.651
0.66
0.659
0.682
0.67
0.656
0.704
0.654
0.751
0.695
0.653
0.659
0.668
0.665
0.655
0.649
0.679
0.667
0.667
0.68
0.678
0.699
0.681
0.656
0.672
0.68
0.678
0.671
0.662
0.652
0.759
0.708
0.711
0.677
0.701
0.692
0.695
0.753
0.84
0.744
0.749
0.689
0.673
0.665
0.668
0.669
0.647
0.654
0.666
0.681
0.634
0.632
0.637
0.634
0.639
0.639
0.628
0.637
0.632
0.633
0.635
0.667
0.683
0.691
0.64
0.706
0.677
0.693
0.647
0.635
0.638
0.678
0.666
0.666
0.65
0.667
0.67
0.645
0.648
0.655
0.713
0.707
0.668
0.671
0.667
0.685
0.672
0.65
0.646
0.709
0.705
0.752
0.709
0.652
0.665
0.651
0.661
0.679
0.661
0.651
0.654
0.657
0.686
0.745
0.714
0.708
0.705
0.661
0.7
0.671
0.683
0.683
0.69
0.666
0.674
0.691
0.661
0.676
0.708
0.686
0.689
0.663
0.678
0.702
0.683
0.703
0.644
0.665
0.631
0.645
0.655
0.64
0.65
0.655
0.645
0.646
0.685
0.658
0.682
0.668
0.66
0.647
0.674
0.663
0.661
0.679
0.681
0.678
0.662
0.667
0.646
0.686
0.668
0.677
0.665
0.677
0.682
0.673
0.663
0.671
0.684
0.675
0.667
0.658
0.663
0.699
0.675
0.659
0.671
0.678
0.69
0.658
0.674
0.671
0.694
0.679
0.689
0.682
0.669
0.685
0.662
0.669
0.683
0.685
0.673
0.679
0.673
0.693
0.677
0.688
0.671
0.667
0.681
0.669
0.663
0.672
0.666
0.685
0.695
0.682
0.68
0.678
0.684
0.684
0.674
0.677
0.665
0.68
0.668
0.689
0.681
0.688
0.674
0.674
0.659
0.702
0.692
0.673
0.663
0.697
0.666
0.664
0.679
0.685
0.668
0.657
0.68
0.666
0.668
0.663
0.661
0.684
0.705
0.689
0.669
0.667
0.676
0.661
0.695
0.687
0.672
0.67
0.662
0.681
0.683
0.714
0.677
0.704
0.664
0.687
0.66
0.66
0.645
0.648
0.692
0.664
0.673
0.669
0.695
0.69
0.697
0.672
0.687
0.688
0.677
0.674
0.68
0.685
0.674
0.666
0.674
0.69
0.676
0.676
0.683
0.673
